1 0.449486 0.051112 0.845735 0.028657
1 0.473382 0.098161 0.871748 0.037211
1 0.488808 0.135586 0.896552 0.032506
1 0.483061 0.183490 0.882638 0.034217
1 0.477919 0.222198 0.873563 0.038922
1 0.459468 0.262618 0.843920 0.037639
1 0.467635 0.307100 0.860254 0.033362
1 0.473079 0.348589 0.873563 0.032506
1 0.466425 0.395851 0.865094 0.035500
1 0.480944 0.445038 0.894132 0.029512
1 0.466122 0.486099 0.864489 0.033790
1 0.485481 0.528015 0.893527 0.033790
1 0.447671 0.572498 0.813067 0.030368
1 0.438899 0.615483 0.796733 0.034217
1 0.476709 0.657186 0.891712 0.036356
1 0.450393 0.693541 0.833031 0.040633
1 0.449486 0.732678 0.834846 0.039350
1 0.476104 0.775663 0.877193 0.033790
1 0.461585 0.814799 0.844525 0.031651
1 0.484876 0.857357 0.894737 0.029512
1 0.488203 0.899273 0.901391 0.031223
1 0.478221 0.934987 0.886267 0.031651
