1 0.487296 0.045746 0.846340 0.030782
1 0.461283 0.080804 0.782214 0.036768
1 0.450998 0.113296 0.772535 0.035913
1 0.489716 0.150492 0.845130 0.031637
1 0.471264 0.182343 0.808227 0.035485
1 0.460073 0.221462 0.781004 0.040188
1 0.473079 0.253955 0.810647 0.031637
1 0.483666 0.286661 0.828191 0.030355
1 0.460073 0.323643 0.781004 0.033348
1 0.479431 0.364258 0.813672 0.041043
1 0.476407 0.401026 0.812462 0.037623
1 0.480641 0.446772 0.807623 0.026507
1 0.463097 0.486105 0.782214 0.041898
1 0.478826 0.524369 0.807623 0.038906
1 0.488506 0.565413 0.820932 0.038050
1 0.459770 0.600043 0.757411 0.036340
1 0.459770 0.641727 0.779189 0.041043
1 0.492136 0.682770 0.848760 0.039333
1 0.463097 0.720607 0.790684 0.030355
1 0.493648 0.758871 0.856624 0.036768
1 0.494555 0.796708 0.849970 0.033775
1 0.492136 0.837324 0.858439 0.035485
1 0.496673 0.878367 0.867514 0.036340
1 0.490018 0.918341 0.844525 0.037623
