1 0.446763 0.017529 0.820932 0.030782
1 0.482456 0.054510 0.877798 0.029500
1 0.483364 0.086575 0.890502 0.036340
1 0.480944 0.119923 0.872353 0.032920
1 0.468845 0.156691 0.855414 0.035485
1 0.466122 0.194955 0.849970 0.031637
1 0.460073 0.233219 0.841500 0.026935
1 0.475499 0.275545 0.874773 0.037195
1 0.467030 0.320009 0.844525 0.027790
1 0.481851 0.361693 0.876588 0.039333
1 0.461585 0.402950 0.849365 0.031210
1 0.431639 0.443993 0.791894 0.037195
1 0.458258 0.483540 0.848760 0.030782
1 0.476104 0.519453 0.877193 0.030782
1 0.465820 0.560710 0.855414 0.038050
1 0.462492 0.598974 0.853600 0.033348
1 0.463702 0.644292 0.828191 0.041043
1 0.466425 0.686404 0.869933 0.035485
1 0.475802 0.727661 0.891107 0.051304
1 0.431034 0.774049 0.793103 0.038050
1 0.465215 0.822146 0.859044 0.040188
1 0.477919 0.865541 0.886872 0.039761
1 0.440714 0.906798 0.819722 0.032493
1 0.458258 0.956392 0.849970 0.037623
