1 0.488808 0.030141 0.873563 0.037195
1 0.491228 0.069902 0.869933 0.032065
1 0.436782 0.109662 0.744102 0.033775
1 0.466727 0.146644 0.814882 0.029927
1 0.483364 0.182557 0.840895 0.036768
1 0.447066 0.221462 0.781609 0.033348
1 0.488808 0.258871 0.850575 0.038050
1 0.469752 0.294570 0.810042 0.041043
1 0.496068 0.334117 0.871143 0.035485
1 0.490018 0.374733 0.860254 0.042326
1 0.490321 0.414280 0.872958 0.042753
1 0.443134 0.457888 0.774955 0.044463
1 0.485783 0.496794 0.872353 0.038478
1 0.487598 0.535485 0.861464 0.038906
1 0.465215 0.576101 0.825166 0.042326
1 0.447368 0.612655 0.796733 0.041043
1 0.500907 0.653698 0.897762 0.036768
1 0.438294 0.689611 0.765275 0.041043
1 0.461887 0.736640 0.808832 0.034203
1 0.505747 0.771484 0.907441 0.038906
1 0.469752 0.814878 0.830611 0.033348
1 0.498488 0.851860 0.897762 0.032920
1 0.503630 0.889696 0.893527 0.035058
1 0.466122 0.917914 0.831821 0.035058
1 0.499698 0.951475 0.900181 0.032920
