1 0.560976 0.122711 0.868293 0.054945
1 0.564634 0.163004 0.870732 0.051282
1 0.456098 0.199634 0.663415 0.043956
1 0.559756 0.232601 0.875610 0.047619
1 0.551220 0.274725 0.868293 0.047619
1 0.529268 0.313187 0.824390 0.043956
1 0.465854 0.355311 0.682927 0.040293
1 0.521951 0.397436 0.819512 0.047619
1 0.370732 0.433150 0.517073 0.045788
1 0.539024 0.472527 0.834146 0.043956
1 0.314634 0.517399 0.390244 0.034799
1 0.545122 0.547619 0.846341 0.047619
1 0.519512 0.592491 0.804878 0.045788
1 0.213415 0.635531 0.173171 0.040293
1 0.548780 0.681319 0.843902 0.047619
1 0.542683 0.719780 0.841463 0.054945
1 0.530488 0.767399 0.812195 0.047619
1 0.557317 0.804029 0.880488 0.047619
1 0.537805 0.847985 0.856098 0.051282
1 0.297561 0.883700 0.341463 0.038462
1 0.552439 0.938645 0.865854 0.056777
