1 0.557740 0.141386 0.845209 0.058052
1 0.286241 0.189139 0.331695 0.037453
1 0.549140 0.216292 0.867322 0.065543
1 0.520885 0.271536 0.805897 0.044944
1 0.545455 0.308052 0.855037 0.043071
1 0.506143 0.351124 0.786241 0.058052
1 0.359951 0.394195 0.488943 0.046816
1 0.545455 0.433521 0.859951 0.058052
1 0.520885 0.475655 0.820639 0.041199
1 0.345209 0.515918 0.464373 0.035581
1 0.527027 0.549625 0.837838 0.043071
1 0.517199 0.590824 0.813268 0.058052
1 0.533170 0.630150 0.835381 0.058052
1 0.534398 0.676966 0.842752 0.050562
1 0.490172 0.718165 0.769042 0.043071
1 0.453317 0.748127 0.675676 0.035581
1 0.544226 0.793071 0.862408 0.050562
1 0.527027 0.831461 0.842752 0.044944
1 0.529484 0.870787 0.847666 0.052434
1 0.544226 0.911985 0.891892 0.048689
1 0.542998 0.956929 0.899263 0.056180
