1 0.485963 0.057147 0.829323 0.035192
1 0.488859 0.095297 0.820856 0.041109
1 0.340463 0.136718 0.524064 0.031766
1 0.517602 0.189972 0.889929 0.033634
1 0.528075 0.231392 0.913547 0.031143
1 0.520499 0.273124 0.898396 0.042977
1 0.533868 0.319371 0.920677 0.040174
1 0.511809 0.412955 0.878342 0.049829
1 0.495098 0.457023 0.824421 0.040174
1 0.514037 0.504671 0.862299 0.048272
1 0.494652 0.553566 0.832442 0.042666
1 0.528298 0.594052 0.904189 0.050140
1 0.515820 0.643102 0.886364 0.038617
1 0.533868 0.692308 0.913547 0.049829
1 0.538547 0.734195 0.897059 0.050140
1 0.172906 0.785737 0.196078 0.028652
1 0.491756 0.836188 0.826649 0.042354
1 0.513592 0.889131 0.874777 0.038617
1 0.527629 0.945656 0.898396 0.053254
