1 0.478383 0.028890 0.902256 0.036770
1 0.507519 0.067958 0.939850 0.042679
1 0.500000 0.110144 0.920113 0.038411
1 0.484727 0.151182 0.875470 0.033815
1 0.492951 0.184833 0.907895 0.038739
1 0.490602 0.231944 0.884398 0.050886
1 0.491776 0.268877 0.877350 0.049245
1 0.484258 0.311556 0.852914 0.042679
1 0.497650 0.352265 0.898496 0.048588
1 0.497650 0.393303 0.898496 0.055154
1 0.502820 0.437295 0.911654 0.065660
1 0.523026 0.484406 0.939850 0.071241
1 0.480733 0.521011 0.878759 0.072226
1 0.219220 0.554169 0.351034 0.038739
1 0.518327 0.618024 0.963346 0.094222
1 0.501175 0.645272 0.931861 0.073211
1 0.495301 0.690414 0.921992 0.086014
1 0.488252 0.732272 0.917293 0.084373
1 0.498825 0.783651 0.943139 0.085358
1 0.462406 0.811884 0.856203 0.076165
1 0.515273 0.854563 0.936560 0.084701
1 0.465461 0.885752 0.857613 0.079448
1 0.483553 0.936967 0.898496 0.065660
