1 0.512915 0.024764 0.964945 0.041056
1 0.500923 0.063213 0.937269 0.039752
1 0.501845 0.101988 0.939114 0.039101
1 0.471863 0.141740 0.879151 0.056044
1 0.482934 0.178560 0.908672 0.044966
1 0.494926 0.222548 0.910517 0.046921
1 0.505996 0.266536 0.930812 0.031932
1 0.506458 0.305963 0.935424 0.046921
1 0.495849 0.354839 0.930812 0.032584
1 0.510148 0.390681 0.963100 0.035191
1 0.487085 0.432388 0.920664 0.048224
1 0.499077 0.483219 0.900369 0.057348
1 0.528137 0.528185 0.938192 0.056044
1 0.510148 0.629521 0.977860 0.054089
1 0.507841 0.671228 0.943727 0.048876
1 0.498155 0.710329 0.940959 0.050179
1 0.513838 0.753340 0.953875 0.052786
1 0.494004 0.800587 0.897601 0.035191
1 0.497232 0.843597 0.878229 0.024764
1 0.095941 0.896383 0.094096 0.022157
