1 0.479651 0.035054 0.892218 0.047164
1 0.468918 0.070905 0.839445 0.044933
1 0.508274 0.114563 0.933363 0.050032
1 0.515653 0.152964 0.912343 0.059911
1 0.533095 0.181804 0.931127 0.057680
1 0.319544 0.232792 0.494186 0.038560
1 0.529070 0.265137 0.941860 0.057361
1 0.509615 0.306883 0.900268 0.060548
1 0.530635 0.341460 0.931574 0.059592
1 0.520796 0.378904 0.899374 0.038241
1 0.487701 0.424952 0.848390 0.042384
1 0.487254 0.468292 0.853757 0.048757
1 0.532871 0.504621 0.930680 0.047482
1 0.526386 0.545889 0.925760 0.049713
1 0.506932 0.584289 0.887746 0.050032
1 0.524374 0.623168 0.896691 0.053219
1 0.440519 0.666189 0.728086 0.048757
1 0.525716 0.702836 0.933363 0.056405
1 0.523032 0.741236 0.901163 0.057361
1 0.508274 0.779955 0.881485 0.054493
1 0.472496 0.814691 0.800984 0.060867
1 0.531306 0.857712 0.922182 0.072976
1 0.511852 0.897706 0.857335 0.061823
1 0.296288 0.944869 0.414580 0.036966
