1 0.476703 0.028716 0.932796 0.050489
1 0.513889 0.066267 0.898746 0.065005
1 0.453629 0.109340 0.776434 0.049542
1 0.492832 0.140423 0.837814 0.063743
1 0.475582 0.181445 0.783602 0.059956
1 0.516353 0.217103 0.860663 0.070685
1 0.501344 0.267277 0.818100 0.056800
1 0.448029 0.314610 0.689068 0.051120
1 0.514561 0.357368 0.898297 0.072894
1 0.505376 0.403282 0.830645 0.055538
1 0.532482 0.443989 0.902778 0.056169
1 0.522401 0.481855 0.886201 0.063111
1 0.527554 0.512780 0.883065 0.074471
1 0.543683 0.557431 0.907258 0.072263
1 0.313844 0.610603 0.422491 0.037867
1 0.510529 0.644367 0.882168 0.059325
1 0.517025 0.682076 0.884409 0.055854
1 0.505600 0.723572 0.857975 0.056169
1 0.495520 0.767119 0.862007 0.046702
1 0.470430 0.805144 0.787634 0.041969
1 0.465054 0.839539 0.791219 0.047018
1 0.376792 0.887662 0.635305 0.041022
1 0.486335 0.931682 0.914427 0.052067
1 0.510753 0.966551 0.947133 0.053645
