1 0.473039 0.036129 0.872995 0.032903
1 0.295900 0.094032 0.531194 0.030645
1 0.503119 0.140806 0.945633 0.047419
1 0.467023 0.182581 0.882353 0.034839
1 0.469920 0.228548 0.872995 0.040323
1 0.459893 0.273065 0.846702 0.037742
1 0.452986 0.308065 0.849822 0.040000
1 0.450758 0.353387 0.832888 0.040968
1 0.464349 0.397742 0.857398 0.036774
1 0.425802 0.447742 0.771390 0.031613
1 0.440954 0.488226 0.804367 0.035161
1 0.494207 0.526452 0.910873 0.042581
1 0.477941 0.571935 0.875668 0.039355
1 0.498217 0.617258 0.916221 0.044839
1 0.502228 0.661774 0.916221 0.040968
1 0.498217 0.705806 0.905526 0.036129
1 0.477050 0.757581 0.858734 0.040968
1 0.457888 0.804194 0.823084 0.039355
1 0.479501 0.860806 0.890374 0.037742
1 0.488414 0.910806 0.905526 0.033871
1 0.471034 0.957903 0.881462 0.040323
