1 0.427609 0.036783 0.805652 0.040524
1 0.456957 0.081203 0.861739 0.035848
1 0.470000 0.124844 0.879130 0.032731
1 0.492826 0.164900 0.944783 0.034913
1 0.451957 0.206983 0.841304 0.033666
1 0.468261 0.249065 0.882609 0.038030
1 0.459783 0.293173 0.876087 0.038965
1 0.454348 0.342113 0.865217 0.035848
1 0.443913 0.386222 0.833913 0.031796
1 0.506522 0.429863 0.939130 0.050499
1 0.471087 0.475842 0.885652 0.033354
1 0.476522 0.520262 0.900870 0.034913
1 0.484783 0.571384 0.913043 0.040524
1 0.441739 0.612219 0.844348 0.046135
1 0.477609 0.653211 0.898696 0.045200
1 0.485652 0.691241 0.921739 0.054551
1 0.481957 0.742830 0.916087 0.040524
1 0.459783 0.795667 0.876087 0.042082
1 0.452174 0.837438 0.878261 0.039589
1 0.461739 0.875312 0.873913 0.046758
1 0.459565 0.920823 0.856522 0.052369
