1 0.457011 0.034981 0.817901 0.035759
1 0.440256 0.080224 0.782628 0.037313
1 0.447090 0.132929 0.811287 0.045087
1 0.476190 0.179571 0.882716 0.038868
1 0.439815 0.232121 0.805556 0.033271
1 0.443122 0.287002 0.820988 0.031095
1 0.476631 0.333489 0.890653 0.029540
1 0.464506 0.378576 0.870811 0.032649
1 0.483466 0.418377 0.884039 0.035759
1 0.450838 0.460354 0.830247 0.038868
1 0.458554 0.506063 0.843034 0.035759
1 0.448633 0.553638 0.817019 0.041978
1 0.496032 0.594838 0.913580 0.040423
1 0.503748 0.642257 0.927249 0.041978
1 0.468034 0.691542 0.853175 0.039801
1 0.466711 0.734297 0.857584 0.041356
1 0.502646 0.787469 0.955908 0.038868
1 0.469577 0.823228 0.902998 0.038868
1 0.488316 0.865672 0.944885 0.036692
1 0.473545 0.906872 0.903880 0.042600
1 0.483466 0.951182 0.928131 0.044154
