1 0.462587 0.035104 0.898356 0.042735
1 0.476211 0.085165 0.916955 0.042125
1 0.471237 0.129426 0.898356 0.034188
1 0.455666 0.173993 0.875865 0.039683
1 0.421497 0.222070 0.790225 0.032051
1 0.491782 0.274420 0.930796 0.032967
1 0.411765 0.316697 0.794983 0.035104
1 0.471886 0.359127 0.916955 0.032662
1 0.459343 0.396520 0.887543 0.029915
1 0.477725 0.452686 0.918253 0.030525
1 0.480320 0.496032 0.932093 0.033578
1 0.486808 0.543498 0.962370 0.032051
1 0.480536 0.587607 0.942907 0.042735
1 0.470156 0.638431 0.894464 0.040598
1 0.431228 0.694139 0.816609 0.037241
1 0.456531 0.740995 0.867215 0.032051
1 0.495675 0.784951 0.955882 0.031441
1 0.498702 0.826618 0.968858 0.039683
1 0.495026 0.870421 0.974481 0.057082
1 0.464100 0.903999 0.878028 0.043651
1 0.505190 0.938339 0.977509 0.045177
1 0.391220 0.971612 0.749567 0.039683
