1 0.504067 0.035539 0.954989 0.054272
1 0.505965 0.087535 0.918655 0.043417
1 0.298807 0.134629 0.501085 0.040266
1 0.486985 0.181548 0.874187 0.046569
1 0.476952 0.230217 0.847614 0.042367
1 0.476139 0.278011 0.845987 0.046919
1 0.482104 0.322479 0.867679 0.055322
1 0.475325 0.370798 0.847614 0.041317
1 0.463124 0.425945 0.819957 0.056373
1 0.500813 0.472164 0.879067 0.050770
1 0.487798 0.529412 0.869306 0.044818
1 0.455531 0.580357 0.788503 0.040266
1 0.473698 0.631828 0.831345 0.045868
1 0.480206 0.686450 0.844360 0.042367
1 0.451464 0.738971 0.796638 0.043768
1 0.495119 0.796218 0.857918 0.039216
1 0.510575 0.851015 0.872560 0.048669
1 0.441703 0.903361 0.738069 0.041317
1 0.510575 0.948704 0.866052 0.040266
