1 0.441352 0.037633 0.838966 0.052719
1 0.487823 0.093170 0.906064 0.050398
1 0.478131 0.146718 0.870775 0.056698
1 0.500000 0.210875 0.923459 0.052387
1 0.486332 0.263760 0.890159 0.053382
1 0.430915 0.319960 0.776342 0.050398
1 0.495775 0.376160 0.909046 0.051393
1 0.470924 0.421088 0.846421 0.053714
1 0.511183 0.481598 0.932903 0.046088
1 0.464712 0.530172 0.849901 0.049072
1 0.423708 0.584052 0.783797 0.048077
1 0.493290 0.643070 0.916998 0.056698
1 0.403827 0.694463 0.744036 0.037467
1 0.475895 0.755305 0.898111 0.050398
1 0.480616 0.806034 0.891650 0.049072
1 0.447813 0.852122 0.832008 0.047082
1 0.475895 0.908322 0.891153 0.048077
1 0.499751 0.954244 0.942843 0.050398
