1 0.427867 0.046654 0.810620 0.047619
1 0.473449 0.107947 0.901786 0.053732
1 0.430216 0.170206 0.800282 0.052124
1 0.491541 0.235682 0.929511 0.051802
1 0.295348 0.284910 0.527726 0.053089
1 0.427867 0.338481 0.783365 0.055985
1 0.471805 0.402671 0.868421 0.078829
1 0.163534 0.449324 0.254699 0.039575
1 0.433976 0.518340 0.807801 0.061133
1 0.468750 0.573359 0.883929 0.069498
1 0.493891 0.629022 0.937030 0.084942
1 0.468750 0.677284 0.874530 0.075933
1 0.434680 0.725547 0.815789 0.066281
1 0.486137 0.782014 0.906485 0.061454
1 0.464286 0.837516 0.865602 0.055985
1 0.457472 0.893662 0.839756 0.056306
1 0.516447 0.952703 0.939850 0.047619
