1 0.504737 0.045423 0.947368 0.047887
1 0.472895 0.104577 0.874211 0.051408
1 0.493684 0.169190 0.918947 0.073592
1 0.457632 0.220775 0.834211 0.061972
1 0.516579 0.278521 0.933158 0.057746
1 0.481579 0.332923 0.869474 0.063732
1 0.452368 0.393134 0.791053 0.063028
1 0.515263 0.454577 0.923158 0.068310
1 0.125789 0.494718 0.164211 0.035211
1 0.262368 0.558627 0.446842 0.052465
1 0.311579 0.622535 0.526316 0.050000
1 0.494211 0.680634 0.891579 0.061972
1 0.459211 0.737852 0.831053 0.058803
1 0.495000 0.794366 0.890000 0.064789
1 0.450526 0.855282 0.801053 0.050000
1 0.512632 0.908451 0.934737 0.045775
1 0.198421 0.955634 0.309474 0.037324
