1 0.501482 0.051593 0.968379 0.051247
1 0.486660 0.118421 0.938735 0.069252
1 0.499259 0.192175 0.937253 0.060249
1 0.477273 0.252770 0.896245 0.065789
1 0.473814 0.302112 0.884387 0.057825
1 0.433794 0.359072 0.797431 0.070637
1 0.491601 0.422091 0.924901 0.086565
1 0.443182 0.472126 0.821146 0.075831
1 0.511611 0.528047 0.953063 0.087258
1 0.326828 0.578255 0.578557 0.047784
1 0.372530 0.644217 0.672925 0.062673
1 0.491601 0.716586 0.903162 0.071676
1 0.465662 0.779086 0.851285 0.055402
1 0.497036 0.835699 0.902174 0.059211
1 0.485672 0.892832 0.887352 0.045360
1 0.283844 0.953255 0.471838 0.038781
