1 0.485685 0.040062 0.921268 0.044360
1 0.336656 0.101100 0.596626 0.050206
1 0.466258 0.163858 0.855828 0.070495
1 0.513292 0.232634 0.946830 0.067056
1 0.432260 0.293845 0.789877 0.062242
1 0.439673 0.345083 0.804703 0.062930
1 0.478528 0.400447 0.889571 0.058803
1 0.472904 0.460454 0.864008 0.056396
1 0.489519 0.517882 0.879857 0.071527
1 0.492843 0.587173 0.894683 0.067056
1 0.506391 0.650963 0.930982 0.068776
1 0.476483 0.707703 0.856851 0.072902
1 0.492587 0.759801 0.878834 0.083563
1 0.490031 0.817572 0.878834 0.080812
1 0.467536 0.866747 0.833845 0.074622
1 0.508947 0.921939 0.923824 0.083219
1 0.165133 0.963721 0.243354 0.032669
