1 0.499457 0.031109 0.942391 0.047976
1 0.194293 0.090330 0.297283 0.043478
1 0.377717 0.173538 0.673913 0.074963
1 0.468478 0.234258 0.843478 0.067466
1 0.510598 0.306784 0.939674 0.065592
1 0.492391 0.371439 0.896739 0.067466
1 0.484511 0.431972 0.871196 0.073838
1 0.472826 0.501312 0.844565 0.083583
1 0.517935 0.559783 0.934783 0.085832
1 0.449457 0.615442 0.813043 0.068216
1 0.196196 0.663231 0.318478 0.049100
1 0.509239 0.743253 0.907609 0.080210
1 0.505435 0.794040 0.905435 0.079085
1 0.495109 0.857009 0.894565 0.080585
1 0.167663 0.905172 0.241848 0.038981
1 0.501902 0.960457 0.939674 0.040855
