1 0.528125 0.148262 0.843750 0.047093
1 0.526875 0.184475 0.838750 0.046119
1 0.496667 0.222150 0.776667 0.038974
1 0.533750 0.247483 0.838333 0.050016
1 0.530208 0.319747 0.818750 0.045145
1 0.496667 0.283696 0.755833 0.037999
1 0.518542 0.353686 0.812083 0.040273
1 0.495625 0.387788 0.729583 0.038974
1 0.512500 0.422215 0.767500 0.049367
1 0.504792 0.455018 0.756250 0.050016
1 0.525208 0.495453 0.802917 0.048392
1 0.524583 0.533452 0.805833 0.045145
1 0.505208 0.569665 0.779583 0.050666
1 0.550000 0.601656 0.836667 0.041897
1 0.545000 0.634784 0.842500 0.048392
1 0.546458 0.666125 0.841250 0.046119
1 0.551667 0.699903 0.833333 0.038974
1 0.568542 0.732705 0.862917 0.051965
1 0.525000 0.770867 0.772500 0.055538
1 0.545000 0.803670 0.800000 0.052939
1 0.517500 0.835661 0.767500 0.061708
1 0.539167 0.873660 0.800833 0.057161
1 0.548958 0.908574 0.797917 0.044495
1 0.403542 0.940728 0.502917 0.045145
