1 0.457189 0.021313 0.880495 0.032476
1 0.489469 0.051590 0.923993 0.034168
1 0.460852 0.087280 0.868590 0.028417
1 0.488782 0.118572 0.910714 0.035521
1 0.493590 0.149696 0.920330 0.046346
1 0.487866 0.189445 0.922619 0.043978
1 0.488553 0.224120 0.919414 0.044317
1 0.481914 0.259472 0.901557 0.045332
1 0.486035 0.287212 0.935440 0.054127
1 0.477335 0.328823 0.892399 0.045332
1 0.502976 0.357747 0.941850 0.063261
1 0.499313 0.393775 0.934524 0.057510
1 0.480311 0.431326 0.902930 0.061570
1 0.496795 0.470061 0.940476 0.065968
1 0.464973 0.506089 0.876832 0.077131
1 0.498397 0.542625 0.949176 0.072395
1 0.478938 0.580683 0.905678 0.075440
1 0.494505 0.619418 0.956960 0.083221
1 0.501603 0.658491 0.951007 0.084912
1 0.501832 0.703484 0.946886 0.079499
1 0.505495 0.746786 0.948718 0.081529
1 0.480769 0.794486 0.891941 0.088295
1 0.502060 0.837957 0.943681 0.083221
1 0.506868 0.880582 0.948718 0.076455
1 0.514881 0.929973 0.960165 0.058863
1 0.505495 0.973106 0.936813 0.053789
