1 0.486034 0.020806 0.967412 0.032956
1 0.504190 0.056258 0.991620 0.027297
1 0.501862 0.088049 0.984171 0.032290
1 0.493017 0.129494 0.953445 0.039281
1 0.506052 0.167776 0.980447 0.051931
1 0.503026 0.208888 0.971601 0.054927
1 0.500931 0.242676 0.966480 0.055260
1 0.507914 0.282124 0.973929 0.061585
1 0.508147 0.318409 0.971601 0.062250
1 0.510242 0.363182 0.976723 0.067244
1 0.496741 0.400632 0.944134 0.056258
1 0.509544 0.441911 0.977188 0.063582
1 0.508845 0.474867 0.979516 0.064248
1 0.495112 0.510652 0.950186 0.067244
1 0.495577 0.552929 0.971601 0.067909
1 0.497439 0.586218 0.969739 0.085220
1 0.504888 0.625999 0.974395 0.084887
1 0.508613 0.674601 0.979981 0.078895
1 0.509311 0.712051 0.978585 0.089214
1 0.496974 0.761651 0.952048 0.085220
1 0.506285 0.804594 0.974395 0.089880
1 0.506983 0.849534 0.976723 0.066578
1 0.489991 0.891145 0.945531 0.067244
1 0.479749 0.940080 0.925047 0.055925
1 0.517225 0.973202 0.948790 0.053595
