1 0.481368 0.023022 0.958962 0.035130
1 0.490330 0.057640 0.964623 0.034106
1 0.494104 0.095157 0.941981 0.029332
1 0.490802 0.137619 0.958019 0.038540
1 0.483962 0.180593 0.934906 0.033083
1 0.505896 0.223909 0.988208 0.038540
1 0.498349 0.265859 0.975000 0.044679
1 0.505660 0.309175 0.982075 0.039905
1 0.480189 0.356412 0.948113 0.057981
1 0.485849 0.395123 0.951887 0.052865
1 0.501651 0.438097 0.991038 0.063779
1 0.483726 0.487551 0.955189 0.057640
1 0.505189 0.530525 0.978302 0.065143
1 0.479481 0.577080 0.944811 0.059345
1 0.472642 0.623295 0.929245 0.065825
1 0.493396 0.668315 0.957547 0.074693
1 0.503066 0.717940 0.982547 0.071623
1 0.495991 0.769270 0.965566 0.071965
1 0.484670 0.825887 0.937264 0.052865
1 0.499528 0.872271 0.966038 0.069918
1 0.478302 0.928035 0.927358 0.046385
1 0.480425 0.979877 0.919340 0.040246
