1 0.494399 0.019046 0.970468 0.037352
1 0.492617 0.061021 0.960794 0.045118
1 0.480143 0.108913 0.926680 0.051405
1 0.494399 0.153107 0.953157 0.060651
1 0.500000 0.188979 0.975560 0.068787
1 0.503055 0.237241 0.981670 0.063240
1 0.472505 0.276442 0.917515 0.060281
1 0.473523 0.318602 0.922607 0.056583
1 0.502546 0.359837 0.978615 0.065828
1 0.503564 0.406805 0.974542 0.089497
1 0.496945 0.450629 0.967413 0.072115
1 0.475051 0.498891 0.922607 0.076923
1 0.491599 0.538831 0.963849 0.079882
1 0.501273 0.583765 0.980143 0.071376
1 0.503310 0.627034 0.977088 0.081731
1 0.507128 0.673077 0.975560 0.080621
1 0.507383 0.731509 0.973014 0.081361
1 0.489053 0.778846 0.955703 0.068787
1 0.490580 0.835429 0.940428 0.069527
1 0.501782 0.885355 0.974033 0.064349
1 0.504073 0.935651 0.981670 0.054734
1 0.504837 0.974297 0.977088 0.043269
