1 0.503550 0.022711 0.983773 0.032746
1 0.497211 0.056690 0.971095 0.034507
1 0.479970 0.095951 0.944726 0.040493
1 0.505071 0.133627 0.979716 0.053873
1 0.502282 0.179225 0.972110 0.059155
1 0.492140 0.223592 0.954868 0.071127
1 0.494168 0.267254 0.949797 0.073239
1 0.505071 0.306338 0.984787 0.075352
1 0.484533 0.351761 0.938641 0.078169
1 0.500254 0.397711 0.986308 0.072183
1 0.491886 0.439965 0.961460 0.087676
1 0.479716 0.487676 0.922921 0.089437
1 0.506085 0.538204 0.978702 0.087676
1 0.497465 0.579225 0.954361 0.093662
1 0.492394 0.621303 0.956389 0.089789
1 0.494168 0.663732 0.961968 0.097183
1 0.496957 0.713732 0.963489 0.084507
1 0.486562 0.761092 0.953854 0.079930
1 0.492647 0.807570 0.958925 0.084859
1 0.489858 0.857394 0.953347 0.079577
1 0.497972 0.908275 0.961460 0.064437
1 0.506339 0.960915 0.984280 0.057746
