1 0.494118 0.020068 0.982353 0.034014
1 0.495588 0.060544 0.970588 0.037415
1 0.502206 0.096769 0.994608 0.043878
1 0.502206 0.137245 0.989706 0.052721
1 0.500735 0.178231 0.989706 0.063265
1 0.502696 0.224490 0.981863 0.066667
1 0.504412 0.263095 0.983333 0.069048
1 0.504902 0.304592 0.982353 0.081973
1 0.484314 0.351361 0.948039 0.076871
1 0.491422 0.392687 0.944608 0.081293
1 0.496814 0.434864 0.967157 0.090136
1 0.500245 0.481973 0.956373 0.082313
1 0.484314 0.525340 0.941176 0.090136
1 0.500980 0.570578 0.970588 0.096259
1 0.500735 0.621259 0.969118 0.089456
1 0.495098 0.665646 0.964706 0.089796
1 0.489951 0.717687 0.954412 0.076190
1 0.499755 0.765136 0.962255 0.072449
1 0.486520 0.819048 0.936765 0.063946
1 0.511520 0.867687 0.966176 0.055782
1 0.499755 0.913265 0.969118 0.051020
1 0.504657 0.963095 0.963235 0.045918
