1 0.564959 0.104730 0.870083 0.048720
1 0.287526 0.144203 0.312112 0.038762
1 0.334627 0.182966 0.400104 0.043030
1 0.544772 0.214616 0.851449 0.040185
1 0.546325 0.257290 0.848344 0.045164
1 0.558747 0.290185 0.882505 0.055477
1 0.541408 0.326280 0.861284 0.040896
1 0.544772 0.361842 0.860766 0.043030
1 0.523551 0.402738 0.784161 0.036629
1 0.548654 0.437233 0.871636 0.038762
1 0.535197 0.468528 0.851967 0.036629
1 0.543996 0.509424 0.840580 0.040896
1 0.547878 0.543919 0.839027 0.045164
1 0.299172 0.583215 0.389234 0.035562
1 0.559524 0.639225 0.880952 0.038051
1 0.553313 0.678521 0.874741 0.047653
1 0.520963 0.714616 0.823499 0.050853
1 0.553054 0.746266 0.893892 0.038762
1 0.532867 0.784851 0.844203 0.039829
1 0.532350 0.821302 0.823499 0.046586
1 0.559524 0.863442 0.880952 0.048364
1 0.531573 0.901671 0.818841 0.051565
1 0.195135 0.952881 0.155280 0.052987
