1 0.523662 0.108451 0.775813 0.039524
1 0.550669 0.153599 0.829828 0.038560
1 0.222275 0.184769 0.188337 0.042416
1 0.375956 0.236022 0.491874 0.049807
1 0.556883 0.270726 0.857553 0.038239
1 0.567878 0.306555 0.864245 0.039203
1 0.544694 0.340135 0.814054 0.036311
1 0.563337 0.371305 0.873327 0.038239
1 0.570268 0.408098 0.859465 0.039203
1 0.529159 0.442320 0.807839 0.041452
1 0.387428 0.484254 0.509082 0.038560
1 0.561902 0.527635 0.876195 0.046272
1 0.552342 0.571819 0.854207 0.039524
1 0.533222 0.609254 0.806405 0.047558
1 0.551386 0.645887 0.846558 0.042416
1 0.556883 0.682359 0.845124 0.044666
1 0.562141 0.722686 0.852772 0.044344
1 0.549235 0.764621 0.817400 0.041452
1 0.559990 0.803503 0.854207 0.048522
1 0.499283 0.841902 0.735660 0.052699
1 0.560946 0.886407 0.878107 0.053021
1 0.526769 0.923683 0.812620 0.063303
1 0.566922 0.964492 0.862333 0.069730
