1 0.245274 0.122662 0.212665 0.035224
1 0.533554 0.159445 0.814745 0.038342
1 0.525756 0.198566 0.786862 0.043641
1 0.554112 0.242519 0.846408 0.040524
1 0.207940 0.268703 0.151229 0.040524
1 0.542297 0.312344 0.838847 0.046758
1 0.535208 0.352712 0.808601 0.050810
1 0.570180 0.399938 0.859641 0.041147
1 0.551749 0.439994 0.838847 0.050810
1 0.563563 0.480673 0.858696 0.059227
1 0.553403 0.525717 0.866730 0.045823
1 0.565217 0.568890 0.862004 0.046758
1 0.238894 0.614557 0.209357 0.042706
1 0.537571 0.641054 0.851134 0.058292
1 0.557183 0.689994 0.878072 0.045823
1 0.487240 0.729426 0.762760 0.041771
1 0.539934 0.765742 0.843573 0.035224
1 0.560491 0.795979 0.871456 0.047693
1 0.509924 0.832294 0.793006 0.035536
1 0.505198 0.871259 0.783554 0.048628
1 0.557656 0.909133 0.884688 0.045823
1 0.521030 0.947163 0.805766 0.044576
