1 0.469707 0.061732 0.884566 0.047643
1 0.352679 0.110656 0.642857 0.033811
1 0.505102 0.174949 0.959184 0.054816
1 0.472577 0.228996 0.866071 0.049180
1 0.497768 0.287654 0.883291 0.064037
1 0.155293 0.352203 0.225128 0.040471
1 0.245536 0.394211 0.426020 0.056865
1 0.519770 0.430584 0.960459 0.077357
1 0.504145 0.486424 0.959821 0.092725
1 0.455676 0.533043 0.823342 0.099898
1 0.473533 0.593750 0.878189 0.092213
1 0.463010 0.637551 0.901786 0.100922
1 0.505102 0.680584 0.941327 0.097848
1 0.497768 0.742828 0.883291 0.081967
1 0.526148 0.789703 0.932398 0.092725
1 0.386798 0.851691 0.640944 0.069160
1 0.531569 0.895748 0.936862 0.077357
1 0.489158 0.949539 0.859694 0.064037
