1 0.511423 0.083252 0.937990 0.067871
1 0.181136 0.154053 0.248695 0.037598
1 0.514360 0.214600 0.943864 0.062012
1 0.516971 0.273682 0.936031 0.072754
1 0.332245 0.336426 0.560052 0.081055
1 0.525457 0.400879 0.949086 0.068359
1 0.521867 0.463379 0.948433 0.071289
1 0.215731 0.533936 0.300914 0.060059
1 0.528394 0.581055 0.943211 0.095703
1 0.531332 0.649902 0.924282 0.098633
1 0.130875 0.729492 0.094648 0.042969
1 0.493146 0.747314 0.904047 0.090332
1 0.511097 0.796875 0.855091 0.085938
1 0.335836 0.863281 0.483681 0.053711
